1, 8

1,168
	0,168
		0,24
			0,7,3,0|7,5,1,0|12,7,2,0|19,5,3,0
		24,24
			0,7,3,0|7,5,1,0|12,7,2,0|19,5,3,0
		48,24
			0,7,3,0|7,5,1,0|12,7,2,0|19,5,3,0
		72,24
			0,7,3,0|7,5,1,0|12,7,2,0|19,5,3,0
		96,24
			0,7,3,0|7,5,1,0|12,7,2,0|19,5,3,0
		120,24
			0,24,4,0
		144,24
			0,24,4,0


2

0.597504,0.108741,0.0967413,1.68418e-17,0.0967871,0.00113123,1.61401e-28,5.59158e-05,0.0989018,1.14697e-25,1.30609e-07,4.26811e-15,8.81516e-11,0.00013786,1.58484e-07,1.20659e-22,0,0,0,0,0,0,0,0,0,0,0,0,0,0,0,0
2.53962e-11,0.525453,0.00190483,1.50872e-47,1.27471e-19,0.26632,6.36296e-12,3.62984e-14,0.205731,4.05531e-08,1.89024e-08,1.9662e-16,1.75661e-11,8.10217e-18,5.75679e-21,0.000591619,0,0,0,0,0,0,0,0,0,0,0,0,0,0,0,0
1.97766e-15,1.67344e-22,0.498131,1.85749e-22,8.24867e-14,2.40855e-08,0.2294,0.000198757,3.50028e-07,5.71758e-22,0.27222,1.14997e-39,1.3435e-22,5.00883e-05,1.67034e-23,7.03154e-09,0,0,0,0,0,0,0,0,0,0,0,0,0,0,0,0
0.0584334,0.0895422,0.0454746,0.0557467,0.0635201,0.0576643,0.0456341,0.0997447,0.0278607,0.0194765,0.0700646,0.0870389,0.0755355,0.0446536,0.0797016,0.0799084,0,0,0,0,0,0,0,0,0,0,0,0,0,0,0,0
2.55572e-08,2.98351e-08,0.00011822,8.22016e-20,0.727516,1.16595e-08,4.94443e-11,3.13785e-22,7.52607e-11,1.15033e-13,0.00137139,5.54424e-11,0.270852,0.000142184,1.08099e-07,8.54538e-19,0,0,0,0,0,0,0,0,0,0,0,0,0,0,0,0
1.87507e-24,0.00999732,0.988239,7.4232e-07,7.78016e-07,2.27028e-06,4.30489e-17,3.00539e-09,6.75719e-12,1.51858e-23,0.00147077,9.04598e-12,0.000251411,1.99741e-32,3.73579e-05,4.40019e-18,0,0,0,0,0,0,0,0,0,0,0,0,0,0,0,0
5.45521e-08,5.6984e-22,3.99037e-05,3.41844e-19,4.04121e-24,1.77206e-05,0.518864,3.97678e-13,1.59454e-11,0.000449502,0.480628,2.27534e-23,1.25273e-09,1.27788e-19,2.20832e-20,3.53529e-14,0,0,0,0,0,0,0,0,0,0,0,0,0,0,0,0
0.0777839,0.0955228,0.0747904,0.058647,0.0403698,0.110773,0.0503195,0.0414175,0.0434418,0.113852,0.0417318,0.0499544,0.0316774,0.0511778,0.0651676,0.0533733,0,0,0,0,0,0,0,0,0,0,0,0,0,0,0,0
0,0,0,0,0,0,0,0,0.724698,0.10608,3.30922e-28,5.4682e-20,6.06708e-09,6.58206e-15,0.000408942,3.18822e-12,0.16871,7.84522e-20,9.90313e-08,3.06412e-13,0.000102495,4.18515e-21,7.11196e-20,2.2248e-07,0,0,0,0,0,0,0,0
0,0,0,0,0,0,0,0,0.305277,0.69472,2.09052e-06,2.78686e-46,6.82934e-20,4.89088e-15,1.7576e-53,1.04566e-08,4.98726e-09,8.76916e-10,2.02482e-12,4.64273e-07,2.09365e-28,1.57437e-46,3.25541e-10,1.28016e-18,0,0,0,0,0,0,0,0
0,0,0,0,0,0,0,0,6.32913e-08,2.40559e-09,0.812183,2.16021e-08,4.53711e-07,0.0940259,1.13865e-05,2.79513e-13,0.000120042,2.32049e-16,0.0936592,7.58317e-14,1.31088e-34,1.11558e-09,1.38638e-23,6.89862e-15,0,0,0,0,0,0,0,0
0,0,0,0,0,0,0,0,6.66862e-25,5.77049e-05,3.17399e-35,0.772983,0.226765,2.00684e-05,4.47217e-06,7.18141e-39,2.14673e-09,1.2031e-15,1.96652e-06,1.28916e-06,8.89575e-18,1.42969e-18,0.00016673,8.26975e-10,0,0,0,0,0,0,0,0
0,0,0,0,0,0,0,0,6.69525e-18,1.70288e-09,1.92086e-09,0.358282,0.313334,6.67747e-07,0.00475422,2.57596e-06,3.89211e-15,1.60368e-12,3.10655e-07,1.10523e-23,0.32361,1.03179e-05,8.41307e-46,6.48935e-06,0,0,0,0,0,0,0,0
0,0,0,0,0,0,0,0,5.1619e-25,3.34624e-14,9.11555e-29,6.51841e-18,3.26931e-22,0.611419,2.73478e-17,3.90083e-16,1.26577e-29,8.70235e-05,4.20093e-09,9.44274e-13,1.22275e-28,0.388494,3.43725e-39,3.95746e-31,0,0,0,0,0,0,0,0
0,0,0,0,0,0,0,0,0.0751476,0.0435582,0.0285218,0.0659262,0.0345091,0.0364089,0.0752469,0.107003,0.0144227,0.0712589,0.0885218,0.0734281,0.0365933,0.063978,0.0794774,0.105998,0,0,0,0,0,0,0,0
0,0,0,0,0,0,0,0,0.064,0.0436378,0.0844839,0.0863523,0.0162681,0.0747953,0.0713599,0.0207413,0.0727439,0.0123866,0.0469481,0.106655,0.103778,0.0354174,0.0872573,0.0731758,0,0,0,0,0,0,0,0
0.0729382,0.0180377,7.21935e-10,1.05733e-12,7.3025e-30,4.61385e-25,8.64639e-19,1.18387e-45,0,0,0,0,0,0,0,0,0.909024,1.77272e-10,4.80836e-08,2.15949e-30,1.45797e-18,2.41325e-17,1.20645e-17,1.14372e-13,8.95383e-56,9.22236e-25,2.48853e-13,2.16826e-07,3.76565e-28,3.37882e-16,7.71802e-17,1.94299e-20
0.0624146,0.042717,0.0427299,0.0341048,0.0418782,0.0224822,0.0513072,0.0550224,0,0,0,0,0,0,0,0,0.030201,0.0321105,0.0231354,0.0330576,0.0508018,0.0374687,0.0232946,0.0617801,0.0451684,0.0339494,0.0416211,0.0132392,0.0412222,0.0529762,0.0725937,0.0547239
2.43618e-19,5.20314e-06,4.38108e-07,5.24622e-11,3.94272e-07,3.88357e-05,4.39236e-12,7.05815e-28,0,0,0,0,0,0,0,0,0.319176,3.21401e-13,0.680454,2.82567e-34,1.09572e-25,2.97874e-05,0.000167914,9.19505e-11,2.35551e-10,2.5607e-15,4.83102e-09,2.36103e-22,1.84954e-13,2.68992e-55,3.77064e-19,0.0001271
7.06086e-18,2.89313e-08,2.71646e-06,0.00161982,9.74367e-22,1.04298e-61,1.71642e-11,2.36648e-08,0,0,0,0,0,0,0,0,0.997653,1.16162e-29,3.80737e-19,2.57872e-08,3.16273e-10,4.97874e-15,8.81106e-11,5.14784e-30,2.8225e-13,8.85959e-05,0.000616716,3.96288e-16,3.29664e-09,1.12625e-12,4.93183e-20,1.86423e-05
4.15001e-17,0.000190835,5.2373e-18,1.09777e-08,8.41159e-18,0.000167654,0.00478937,8.85543e-05,0,0,0,0,0,0,0,0,3.3189e-17,8.7405e-12,1.72544e-14,0.991219,3.88716e-14,5.62196e-12,2.47175e-09,7.56405e-30,1.53374e-18,7.69062e-31,1.81554e-15,2.46693e-14,3.57064e-07,6.99457e-78,2.67006e-06,0.00354197
6.53976e-06,0.000308124,3.42897e-59,3.86431e-30,1.55013e-36,6.73834e-29,1.56932e-05,3.35512e-43,0,0,0,0,0,0,0,0,4.55418e-63,7.6363e-55,2.86352e-22,1.36242e-34,3.76649e-08,0.789055,2.71885e-06,9.35007e-08,3.42158e-22,3.31239e-15,2.74758e-05,7.55108e-20,2.99571e-07,1.32633e-06,0.210583,3.02518e-41
0.0417837,0.036451,0.0323497,0.0533287,0.0323909,0.117578,0.0123196,0.051709,0,0,0,0,0,0,0,0,0.0326601,0.0533261,0.0236665,0.0453336,0.0239434,0.0135045,0.0275632,0.0628069,0.0439283,0.0235066,0.0432693,0.0757038,0.0418922,0.0537899,0.0329267,0.0242685
0.0139397,0.0311023,0.0921899,0.0315635,0.0114896,0.0326696,0.0218827,0.0334808,0,0,0,0,0,0,0,0,0.0441228,0.0300311,0.0460519,0.0451023,0.0353327,0.0430353,0.0425054,0.0335141,0.0239898,0.0436396,0.0901119,0.0239856,0.0826399,0.0688987,0.0345488,0.0441721
0,0,0,0,0,0,0,0,0,0,0,0,0,0,0,0,5.67391e-34,1.8339e-11,5.83081e-26,5.07831e-10,9.51597e-18,1.38869e-11,4.7103e-05,6.36375e-14,0.676582,2.56845e-19,5.12788e-13,0.323271,1.03727e-16,2.04232e-38,3.88065e-05,6.1842e-05
0,0,0,0,0,0,0,0,0,0,0,0,0,0,0,0,2.90387e-41,3.58309e-31,0.000401278,1.0054e-14,1.77608e-27,1.12208e-09,1.16774e-30,1.71616e-09,0.214363,0.783418,0.0018185,5.19523e-37,4.05431e-35,1.36359e-37,5.85963e-38,2.27574e-09
0,0,0,0,0,0,0,0,0,0,0,0,0,0,0,0,0.030203,4.68908e-37,2.32463e-44,1.09439e-13,5.29525e-11,2.05312e-05,8.71582e-12,6.4481e-22,5.91279e-07,0.0290881,0.940688,4.47489e-44,3.42623e-48,2.79099e-08,3.0555e-11,1.33072e-12
0,0,0,0,0,0,0,0,0,0,0,0,0,0,0,0,2.3912e-06,1.0303e-07,5.35036e-27,4.50868e-32,7.60514e-07,0.00024841,7.61963e-20,1.06261e-27,1.04125e-23,1.04945e-29,0.99918,2.1841e-21,1.11037e-06,1.03044e-14,0.000567076,1.23472e-08
0,0,0,0,0,0,0,0,0,0,0,0,0,0,0,0,0.0368475,0.0397121,0.0658232,0.0457042,0.0877243,0.114942,0.0310934,0.0537771,0.0273839,0.0994941,0.0344327,0.045098,0.0592496,0.104625,0.0661553,0.0879369
0,0,0,0,0,0,0,0,0,0,0,0,0,0,0,0,0.0841903,0.0728044,0.0673455,0.059483,0.0626546,0.0368179,0.0731356,0.0388904,0.0593189,0.0557304,0.0950779,0.0478021,0.0636871,0.0826043,0.0667087,0.0337489
0,0,0,0,0,0,0,0,0,0,0,0,0,0,0,0,2.07258e-05,1.9135e-27,1.47808e-13,4.02062e-24,1.22598e-21,5.63001e-06,1.21274e-16,7.14037e-42,6.10675e-11,3.20679e-26,0.18006,1.04964e-16,3.63178e-26,1.5966e-34,0.819695,0.000218335
0,0,0,0,0,0,0,0,0,0,0,0,0,0,0,0,0.0634874,0.0758599,0.0791506,0.0809414,0.0378712,0.0434409,0.0738011,0.0674291,0.046044,0.0534697,0.0728568,0.0845313,0.0620322,0.0431113,0.0531636,0.0628097

0.0557174,0.0246226,0.0239017,1.26086e-05,0.0198023,0.00662857,0.0114558,1.30384e-05,0.062655,0.0218201,0.0641942,0.0258932,0.016373,0.0155846,0.000117358,2.94824e-05,0.307407,1.59876e-05,0.018904,0.005288,0.00531672,0.028794,2.55529e-05,2.09882e-05,0.0179184,0.0270129,0.200947,0.00579878,6.45794e-06,6.43681e-06,0.0336819,3.52142e-05


5

0.104258,0.0812931,0.0514623,0.0806227,0.055388,0.0878384,0.0573174,0.0336779,0.0954966,0.0398484,0.0241531,0.0292033,0.0654916,0.0400257,0.0614549,0.0924684,0,0,0,0,0,0,0,0,0,0,0,0,0,0,0,0
0.0608804,0.0528247,0.0598927,0.0600916,0.0383821,0.0562556,0.0329841,0.0603497,0.0678178,0.0582167,0.0761578,0.0715401,0.0886616,0.0755664,0.0594008,0.0809778,0,0,0,0,0,0,0,0,0,0,0,0,0,0,0,0
0.0252233,0.0412821,0.0962573,0.0586973,0.0379766,0.0710326,0.0680144,0.0895987,0.0695092,0.06641,0.0535066,0.0366077,0.0915657,0.0808749,0.0401983,0.0732454,0,0,0,0,0,0,0,0,0,0,0,0,0,0,0,0
0.0409175,0.0448287,0.02033,0.0603246,0.0325166,0.0604051,0.093985,0.114291,0.0597711,0.0674558,0.102505,0.0417396,0.0965887,0.0295616,0.0700839,0.0646958,0,0,0,0,0,0,0,0,0,0,0,0,0,0,0,0
0.0667828,0.0186436,0.0306076,0.0730535,0.101884,0.0176942,0.0778018,0.0590154,0.0856863,0.0427394,0.137613,0.0743638,0.0429241,0.0647558,0.0530415,0.0533934,0,0,0,0,0,0,0,0,0,0,0,0,0,0,0,0
0.0953692,0.0378374,0.0321551,0.054041,0.0505138,0.0502028,0.0510643,0.0508377,0.0777794,0.0804586,0.0636857,0.0327109,0.0660979,0.116047,0.0847918,0.0564076,0,0,0,0,0,0,0,0,0,0,0,0,0,0,0,0
0.0364132,0.0331125,0.0412431,0.0244206,0.0333096,0.0689025,0.0819166,0.0995739,0.0870403,0.0817005,0.0383612,0.0709941,0.0608925,0.0700818,0.0802937,0.0917439,0,0,0,0,0,0,0,0,0,0,0,0,0,0,0,0
2.76924e-22,1.58987e-07,2.17354e-17,1.08587e-10,4.93592e-26,1.6662e-14,0.000345694,0.801336,4.40793e-21,1.986e-12,4.22697e-07,1.0467e-06,2.20132e-11,9.51337e-09,7.6444e-19,0.198316,0,0,0,0,0,0,0,0,0,0,0,0,0,0,0,0
0,0,0,0,0,0,0,0,0.0753574,0.0647309,0.0567153,0.0435084,0.0718447,0.0360969,0.0414612,0.0642126,0.0852535,0.076971,0.0712313,0.0436166,0.0625972,0.0830221,0.0735089,0.049872,0,0,0,0,0,0,0,0
0,0,0,0,0,0,0,0,0.0570661,0.0871464,0.0483405,0.0476947,0.0897153,0.0745392,0.0370632,0.0599804,0.0576446,0.0596288,0.0618639,0.0738073,0.0695122,0.0754486,0.0603725,0.0401763,0,0,0,0,0,0,0,0
0,0,0,0,0,0,0,0,0.0537916,0.0837765,0.0369344,0.10144,0.0924415,0.03894,0.0198357,0.0440249,0.0685869,0.0307881,0.0420543,0.0603603,0.0384195,0.062919,0.125575,0.100112,0,0,0,0,0,0,0,0
0,0,0,0,0,0,0,0,0.0901148,0.0400405,0.0573998,0.0702549,0.0182224,0.0793414,0.0701032,0.0903664,0.0543594,0.0455404,0.0741489,0.0360583,0.112874,0.0666277,0.0436765,0.0508708,0,0,0,0,0,0,0,0
0,0,0,0,0,0,0,0,0.0836149,0.0486546,0.039611,0.0463625,0.0815004,0.0572695,0.0871463,0.0402468,0.0598284,0.0688093,0.0679737,0.0704338,0.0715592,0.0503557,0.0674506,0.0591831,0,0,0,0,0,0,0,0
0,0,0,0,0,0,0,0,0.0521509,0.0733878,0.113386,0.0344587,0.0520972,0.0616138,0.0820395,0.0315265,0.0605386,0.0450041,0.0893894,0.113763,0.0310324,0.0887658,0.0477511,0.0230949,0,0,0,0,0,0,0,0
0,0,0,0,0,0,0,0,0.0925335,0.0544996,0.0340486,0.0511096,0.0952558,0.0635371,0.0465672,0.0816208,0.0374892,0.0533084,0.0800975,0.0299007,0.0963489,0.0318469,0.0751068,0.0767296,0,0,0,0,0,0,0,0
0,0,0,0,0,0,0,0,6.74648e-23,3.33555e-18,2.60285e-06,1.70808e-22,7.34665e-65,0.000138633,1.42544e-06,0.857263,1.12683e-24,3.76188e-44,2.8431e-10,2.59862e-12,2.83456e-08,0.000169343,2.0515e-15,0.142425,0,0,0,0,0,0,0,0
0.0518765,0.0719443,0.0230739,0.03457,0.0756006,0.0440346,0.0227054,0.0119667,0,0,0,0,0,0,0,0,0.0524014,0.0369777,0.0411964,0.0426432,0.0107718,0.0119438,0.0538613,0.0515314,0.0437894,0.083514,0.0310476,0.0429489,0.0242816,0.0526824,0.0328664,0.0517709
0.0211246,0.0430612,0.0215075,0.0222242,0.0613948,0.072257,0.0614541,0.0442278,0,0,0,0,0,0,0,0,0.0519251,0.0137941,0.0212916,0.0208429,0.0406453,0.0617995,0.0513723,0.0383941,0.0212669,0.0407973,0.0592113,0.0424231,0.0428649,0.0617919,0.0528154,0.0315129
0.0536408,0.0829601,0.0120504,0.0353315,0.0566231,0.0340486,0.0140144,0.0327445,0,0,0,0,0,0,0,0,0.0424126,0.0118555,0.0341795,0.0329796,0.0427151,0.0633384,0.0295171,0.0311021,0.0526701,0.0619341,0.0241651,0.0126657,0.0617599,0.062015,0.0542855,0.0609911
0.0541922,0.0133215,0.0424338,0.0515967,0.0837886,0.0428302,0.0230839,0.0344873,0,0,0,0,0,0,0,0,0.0228264,0.0737874,0.0221955,0.0630586,0.0494292,0.0511687,0.0312921,0.0432182,0.0573587,0.0290236,0.0523034,0.0248112,0.0428953,0.0335171,0.0328028,0.0245775
0.0325878,0.0310151,0.0509313,0.0504996,0.0628676,0.020231,0.0101419,0.0231768,0,0,0,0,0,0,0,0,0.0211251,0.0347777,0.0704673,0.0208881,0.0609261,0.0409242,0.0701643,0.0458406,0.0657791,0.0313894,0.0325397,0.0295691,0.0804306,0.011037,0.051996,0.0506947
0.0375335,0.0238158,0.024239,0.0619737,0.011848,0.0452593,0.041893,0.065688,0,0,0,0,0,0,0,0,0.0424878,0.0626263,0.0317807,0.0437335,0.00219167,0.0186452,0.0325227,0.0237199,0.029776,0.0433488,0.0673549,0.0537398,0.0534291,0.113678,0.0537503,0.0149647
1.579e-46,1.65766e-24,4.6997e-14,1.92032e-13,2.74179e-05,6.20276e-46,1.98277e-12,1.85915e-15,0,0,0,0,0,0,0,0,6.91934e-08,1.24807e-18,1.17635e-08,4.96863e-104,8.23927e-35,6.80535e-68,0.665088,2.08676e-19,5.44233e-12,9.84673e-07,7.11303e-31,1.03372e-08,1.85569e-15,8.54361e-25,0.334883,1.50674e-16
3.40255e-07,1.00521e-13,9.63814e-31,5.74423e-08,1.52169e-06,2.03733e-12,1.6047e-55,0.079838,0,0,0,0,0,0,0,0,1.31774e-13,1.2376e-11,7.08647e-05,4.08794e-29,3.5705e-11,2.94031e-12,0.0170242,0.903065,2.39907e-10,9.96127e-17,2.73126e-07,8.09125e-31,2.75723e-20,4.30757e-08,1.28833e-27,1.20908e-26
0,0,0,0,0,0,0,0,0,0,0,0,0,0,0,0,0.068789,0.0606509,0.0898814,0.0600819,0.080993,0.0828419,0.0696815,0.0440251,0.0988766,0.0471206,0.0302367,0.0476963,0.0384534,0.0749826,0.0465956,0.0590934
0,0,0,0,0,0,0,0,0,0,0,0,0,0,0,0,0.0736722,0.0595386,0.0470601,0.0845907,0.068539,0.0731883,0.0836519,0.0594061,0.0763394,0.0564803,0.0437264,0.0391167,0.0957863,0.0548784,0.0508508,0.0331749
0,0,0,0,0,0,0,0,0,0,0,0,0,0,0,0,0.058464,0.0440489,0.0564034,0.0526684,0.082699,0.0566582,0.106423,0.104306,0.0372723,0.0421216,0.0869437,0.061499,0.0494381,0.0541156,0.0522237,0.0547149
0,0,0,0,0,0,0,0,0,0,0,0,0,0,0,0,1.26192e-06,5.46101e-17,2.46606e-24,0.000550143,8.50294e-10,1.71033e-08,2.83929e-05,4.59285e-11,1.04934e-08,4.38018e-09,5.94838e-71,0.930014,1.20656e-31,0.0694062,1.18733e-08,1.85431e-21
0,0,0,0,0,0,0,0,0,0,0,0,0,0,0,0,0.0520232,0.104229,0.0807854,0.113299,0.0612335,0.0522274,0.0277391,0.132075,0.0282413,0.0513181,0.0477014,0.0789799,0.0238432,0.035213,0.0607158,0.050375
0,0,0,0,0,0,0,0,0,0,0,0,0,0,0,0,6.40782e-14,3.46214e-07,6.10338e-11,3.19096e-24,8.01388e-07,5.29035e-47,3.83962e-06,1.63741e-06,3.6781e-07,4.54893e-07,4.36383e-07,1.93282e-16,3.31456e-13,0.796263,6.89339e-28,0.203729
0,0,0,0,0,0,0,0,0,0,0,0,0,0,0,0,1.9966e-14,2.73309e-14,4.37864e-08,7.88973e-05,4.92266e-39,3.60646e-20,1.58855e-47,0.290957,5.80093e-21,5.68283e-06,1.88133e-07,9.85404e-10,4.00854e-34,5.79248e-18,0.476257,0.232701
0,0,0,0,0,0,0,0,0,0,0,0,0,0,0,0,3.74927e-15,2.30771e-08,1.89671e-74,1.11266e-12,2.57286e-60,3.84738e-23,0.000104278,4.12093e-08,2.92753e-13,1.42793e-31,7.86263e-17,0.0471197,6.51794e-42,7.1021e-15,0.0365131,0.916263

2.63934e-05,2.12506e-05,1.86915e-05,2.54219e-05,2.91004e-05,2.62989e-05,7.40176e-05,0.144274,3.42457e-05,3.02931e-05,2.95874e-05,2.50879e-05,3.19752e-05,5.6678e-05,2.90997e-05,0.200663,3.04347e-05,3.17214e-05,5.76188e-05,8.61913e-05,3.08526e-05,6.79795e-05,0.0183802,0.358639,1.84416e-05,1.7592e-05,1.82526e-05,0.0906763,1.9223e-05,0.0309988,0.0211545,0.134378


